[gd_scene load_steps=16 format=3 uid="uid://cmftxmidlidj0"]

[ext_resource type="PackedScene" uid="uid://dp4pxo4jsa758" path="res://scenes/player.tscn" id="1_tefeu"]
[ext_resource type="Texture2D" uid="uid://6mu3bge5mwm3" path="res://assets/Test textures/texture_01.png" id="2_0wfyh"]
[ext_resource type="Texture2D" uid="uid://bwi3waml2qjjn" path="res://assets/Test textures/texture_02.png" id="3_tbgi4"]
[ext_resource type="Texture2D" uid="uid://dpbb5bkjc4nix" path="res://assets/Test textures/texture_03.png" id="4_tefeu"]
[ext_resource type="Texture2D" uid="uid://does8rpwjdh1r" path="res://assets/Test textures/texture_05.png" id="5_o6xl0"]
[ext_resource type="PackedScene" uid="uid://dx78rii2u5n23" path="res://assets/elkdemon/elkdemongodot.glb" id="6_tefeu"]

[sub_resource type="ProceduralSkyMaterial" id="ProceduralSkyMaterial_0wfyh"]
sky_horizon_color = Color(0.66224277, 0.6717428, 0.6867428, 1)
ground_horizon_color = Color(0.66224277, 0.6717428, 0.6867428, 1)

[sub_resource type="Sky" id="Sky_sugp2"]
sky_material = SubResource("ProceduralSkyMaterial_0wfyh")

[sub_resource type="Environment" id="Environment_jyhfs"]
background_mode = 2
sky = SubResource("Sky_sugp2")
tonemap_mode = 2
sdfgi_enabled = true
glow_enabled = true
fog_enabled = true

[sub_resource type="StandardMaterial3D" id="StandardMaterial3D_tbgi4"]
albedo_texture = ExtResource("2_0wfyh")
uv1_triplanar = true

[sub_resource type="StandardMaterial3D" id="StandardMaterial3D_tipki"]
albedo_texture = ExtResource("3_tbgi4")
uv1_triplanar = true

[sub_resource type="StandardMaterial3D" id="StandardMaterial3D_85g3d"]
albedo_texture = ExtResource("4_tefeu")
uv1_triplanar = true

[sub_resource type="StandardMaterial3D" id="StandardMaterial3D_choun"]
albedo_texture = ExtResource("5_o6xl0")
uv1_triplanar = true

[sub_resource type="StandardMaterial3D" id="StandardMaterial3D_tefeu"]
albedo_texture = ExtResource("2_0wfyh")
uv1_triplanar = true

[sub_resource type="StandardMaterial3D" id="StandardMaterial3D_o6xl0"]
albedo_texture = ExtResource("2_0wfyh")
uv1_triplanar = true

[node name="World" type="Node3D"]

[node name="DirectionalLight3D" type="DirectionalLight3D" parent="."]
transform = Transform3D(-0.8660254, -0.43301278, 0.25, 0, 0.49999997, 0.86602545, -0.50000006, 0.75, -0.43301266, 0, 0, 0)
shadow_enabled = true

[node name="WorldEnvironment" type="WorldEnvironment" parent="."]
environment = SubResource("Environment_jyhfs")

[node name="TestingCharacter" parent="." instance=ExtResource("1_tefeu")]
transform = Transform3D(1, 0, 0, 0, 1, 0, 0, 0, 1, 0, 1.9370288, 0)

[node name="Prototype" type="Node" parent="."]

[node name="floor" type="CSGBox3D" parent="Prototype"]
transform = Transform3D(1, 0, 0, 0, 1, 0, 0, 0, 1, 0, -0.20000029, 0)
material_override = SubResource("StandardMaterial3D_tbgi4")
use_collision = true
size = Vector3(50, 2, 50)

[node name="box1" type="CSGBox3D" parent="Prototype"]
transform = Transform3D(0.8306542, 0, -0.5567886, 0, 1, 0, 0.5567886, 0, 0.8306542, -6.6715097, 1.3, 7.1762676)
material_override = SubResource("StandardMaterial3D_tipki")
use_collision = true

[node name="box2" type="CSGBox3D" parent="Prototype"]
transform = Transform3D(0.8306542, 0, -0.5567886, 0, 1, 0, 0.5567886, 0, 0.8306542, -2.1227324, 1.8, -7.369481)
material_override = SubResource("StandardMaterial3D_85g3d")
use_collision = true
size = Vector3(2, 2, 2)

[node name="box3" type="CSGBox3D" parent="Prototype"]
transform = Transform3D(0.8306542, 0, -0.5567886, 0, 1, 0, 0.5567886, 0, 0.8306542, 12.121483, 2.3, 2.306879)
material_override = SubResource("StandardMaterial3D_choun")
use_collision = true
size = Vector3(3, 3, 3)

[node name="wall1" type="CSGBox3D" parent="Prototype"]
transform = Transform3D(1, 0, 0, 0, 1, 0, 0, 0, 1, 0, 3.3000002, -24.5)
material_override = SubResource("StandardMaterial3D_tefeu")
use_collision = true
size = Vector3(50, 5, 1)

[node name="wall2" type="CSGBox3D" parent="Prototype"]
transform = Transform3D(1, 0, 0, 0, 1, 0, 0, 0, 1, 0, 3.3000002, 24.5)
material_override = SubResource("StandardMaterial3D_tefeu")
use_collision = true
size = Vector3(50, 5, 1)

[node name="wall3" type="CSGBox3D" parent="Prototype"]
transform = Transform3D(1, 0, 0, 0, 1, 0, 0, 0, 1, -24.5, 3.3, 0)
material_override = SubResource("StandardMaterial3D_o6xl0")
use_collision = true
size = Vector3(1, 5, 48)

[node name="wall4" type="CSGBox3D" parent="Prototype"]
transform = Transform3D(1, 0, 0, 0, 1, 0, 0, 0, 1, 24.499998, 3.3, 0)
material_override = SubResource("StandardMaterial3D_o6xl0")
use_collision = true
size = Vector3(1, 5, 48)

[node name="elkdemongodot" parent="Prototype" instance=ExtResource("6_tefeu")]
transform = Transform3D(-0.3007058, 0, -0.95371693, 0, 1, 0, 0.95371693, 0, -0.3007058, 6.41364, 0.79999876, 6.190615)
